Full Graph
(0, 15) -> (0, 16)
(15, 0) -> (16, 0)
(0, 15) -> (15, 0)
(15, 0) -> (0, 15)
(16, 0) -> (15, 0)
(16, 15) -> (16, 16)
(22, 15) -> (22, 16)
(25, 15) -> (25, 16)
(27, 15) -> (27, 16)
(31, 0) -> (32, 0)
(16, 0) -> (16, 15)
(16, 0) -> (27, 15)
(16, 0) -> (31, 0)
(16, 15) -> (16, 0)
(16, 15) -> (27, 15)
(16, 15) -> (31, 0)
(22, 15) -> (25, 15)
(25, 15) -> (22, 15)
(27, 15) -> (16, 0)
(27, 15) -> (16, 15)
(27, 15) -> (31, 0)
(31, 0) -> (16, 0)
(31, 0) -> (16, 15)
(31, 0) -> (27, 15)
(32, 0) -> (31, 0)
(32, 15) -> (32, 16)
(47, 15) -> (47, 16)
(47, 0) -> (48, 0)
(47, 15) -> (48, 15)
(32, 0) -> (32, 15)
(32, 0) -> (47, 0)
(32, 15) -> (32, 0)
(32, 15) -> (47, 0)
(47, 15) -> (47, 15)
(47, 0) -> (32, 0)
(47, 0) -> (32, 15)
(47, 15) -> (47, 15)
(48, 0) -> (47, 0)
(48, 15) -> (47, 15)
(48, 15) -> (48, 16)
(50, 15) -> (50, 16)
(48, 0) -> (50, 15)
(48, 15) -> (48, 15)
(48, 15) -> (48, 15)
(50, 15) -> (48, 0)
(0, 16) -> (0, 15)
(0, 31) -> (0, 32)
(7, 31) -> (7, 32)
(15, 16) -> (16, 16)
(0, 16) -> (0, 31)
(0, 16) -> (7, 31)
(0, 16) -> (15, 16)
(0, 31) -> (0, 16)
(0, 31) -> (7, 31)
(0, 31) -> (15, 16)
(7, 31) -> (0, 16)
(7, 31) -> (0, 31)
(7, 31) -> (15, 16)
(15, 16) -> (0, 16)
(15, 16) -> (0, 31)
(15, 16) -> (7, 31)
(16, 16) -> (16, 15)
(22, 16) -> (22, 15)
(25, 16) -> (25, 15)
(27, 16) -> (27, 15)
(16, 16) -> (15, 16)
(16, 31) -> (16, 32)
(21, 31) -> (21, 32)
(31, 16) -> (32, 16)
(16, 16) -> (27, 16)
(16, 16) -> (16, 16)
(16, 16) -> (16, 31)
(16, 16) -> (21, 31)
(16, 16) -> (31, 16)
(22, 16) -> (25, 16)
(25, 16) -> (22, 16)
(27, 16) -> (16, 16)
(27, 16) -> (16, 16)
(27, 16) -> (16, 31)
(27, 16) -> (21, 31)
(27, 16) -> (31, 16)
(16, 16) -> (16, 16)
(16, 16) -> (27, 16)
(16, 16) -> (16, 31)
(16, 16) -> (21, 31)
(16, 16) -> (31, 16)
(16, 31) -> (16, 16)
(16, 31) -> (27, 16)
(16, 31) -> (16, 16)
(16, 31) -> (21, 31)
(16, 31) -> (31, 16)
(21, 31) -> (16, 16)
(21, 31) -> (27, 16)
(21, 31) -> (16, 16)
(21, 31) -> (16, 31)
(21, 31) -> (31, 16)
(31, 16) -> (16, 16)
(31, 16) -> (27, 16)
(31, 16) -> (16, 16)
(31, 16) -> (16, 31)
(31, 16) -> (21, 31)
(32, 16) -> (32, 15)
(47, 16) -> (47, 15)
(32, 16) -> (31, 16)
(32, 31) -> (32, 32)
(36, 31) -> (36, 32)
(44, 31) -> (44, 32)
(47, 16) -> (48, 16)
(47, 18) -> (48, 18)
(47, 25) -> (48, 25)
(32, 16) -> (47, 16)
(32, 16) -> (32, 16)
(32, 16) -> (32, 31)
(32, 16) -> (36, 31)
(32, 16) -> (44, 31)
(32, 16) -> (47, 16)
(32, 16) -> (47, 18)
(32, 16) -> (47, 25)
(47, 16) -> (32, 16)
(47, 16) -> (32, 16)
(47, 16) -> (32, 31)
(47, 16) -> (36, 31)
(47, 16) -> (44, 31)
(47, 16) -> (47, 16)
(47, 16) -> (47, 18)
(47, 16) -> (47, 25)
(32, 16) -> (32, 16)
(32, 16) -> (47, 16)
(32, 16) -> (32, 31)
(32, 16) -> (36, 31)
(32, 16) -> (44, 31)
(32, 16) -> (47, 16)
(32, 16) -> (47, 18)
(32, 16) -> (47, 25)
(32, 31) -> (32, 16)
(32, 31) -> (47, 16)
(32, 31) -> (32, 16)
(32, 31) -> (36, 31)
(32, 31) -> (44, 31)
(32, 31) -> (47, 16)
(32, 31) -> (47, 18)
(32, 31) -> (47, 25)
(36, 31) -> (32, 16)
(36, 31) -> (47, 16)
(36, 31) -> (32, 16)
(36, 31) -> (32, 31)
(36, 31) -> (44, 31)
(36, 31) -> (47, 16)
(36, 31) -> (47, 18)
(36, 31) -> (47, 25)
(44, 31) -> (32, 16)
(44, 31) -> (47, 16)
(44, 31) -> (32, 16)
(44, 31) -> (32, 31)
(44, 31) -> (36, 31)
(44, 31) -> (47, 16)
(44, 31) -> (47, 18)
(44, 31) -> (47, 25)
(47, 16) -> (32, 16)
(47, 16) -> (47, 16)
(47, 16) -> (32, 16)
(47, 16) -> (32, 31)
(47, 16) -> (36, 31)
(47, 16) -> (44, 31)
(47, 16) -> (47, 18)
(47, 16) -> (47, 25)
(47, 18) -> (32, 16)
(47, 18) -> (47, 16)
(47, 18) -> (32, 16)
(47, 18) -> (32, 31)
(47, 18) -> (36, 31)
(47, 18) -> (44, 31)
(47, 18) -> (47, 16)
(47, 18) -> (47, 25)
(47, 25) -> (32, 16)
(47, 25) -> (47, 16)
(47, 25) -> (32, 16)
(47, 25) -> (32, 31)
(47, 25) -> (36, 31)
(47, 25) -> (44, 31)
(47, 25) -> (47, 16)
(47, 25) -> (47, 18)
(48, 16) -> (48, 15)
(50, 16) -> (50, 15)
(48, 16) -> (47, 16)
(48, 18) -> (47, 18)
(48, 25) -> (47, 25)
(49, 31) -> (49, 32)
(48, 16) -> (50, 16)
(48, 16) -> (48, 16)
(48, 16) -> (48, 18)
(48, 16) -> (48, 25)
(48, 16) -> (49, 31)
(50, 16) -> (48, 16)
(50, 16) -> (48, 16)
(50, 16) -> (48, 18)
(50, 16) -> (48, 25)
(50, 16) -> (49, 31)
(48, 16) -> (48, 16)
(48, 16) -> (50, 16)
(48, 16) -> (48, 18)
(48, 16) -> (48, 25)
(48, 16) -> (49, 31)
(48, 18) -> (48, 16)
(48, 18) -> (50, 16)
(48, 18) -> (48, 16)
(48, 18) -> (48, 25)
(48, 18) -> (49, 31)
(48, 25) -> (48, 16)
(48, 25) -> (50, 16)
(48, 25) -> (48, 16)
(48, 25) -> (48, 18)
(48, 25) -> (49, 31)
(49, 31) -> (48, 16)
(49, 31) -> (50, 16)
(49, 31) -> (48, 16)
(49, 31) -> (48, 18)
(49, 31) -> (48, 25)
(0, 32) -> (0, 31)
(7, 32) -> (7, 31)
(15, 32) -> (16, 32)
(7, 32) -> (15, 32)
(15, 32) -> (7, 32)
(16, 32) -> (16, 31)
(21, 32) -> (21, 31)
(16, 32) -> (15, 32)
(31, 32) -> (32, 32)
(16, 32) -> (21, 32)
(16, 32) -> (16, 32)
(16, 32) -> (31, 32)
(21, 32) -> (16, 32)
(21, 32) -> (16, 32)
(21, 32) -> (31, 32)
(16, 32) -> (16, 32)
(16, 32) -> (21, 32)
(16, 32) -> (31, 32)
(31, 32) -> (16, 32)
(31, 32) -> (21, 32)
(31, 32) -> (16, 32)
(32, 32) -> (32, 31)
(36, 32) -> (36, 31)
(44, 32) -> (44, 31)
(32, 32) -> (31, 32)
(47, 32) -> (48, 32)
(32, 32) -> (36, 32)
(32, 32) -> (44, 32)
(32, 32) -> (32, 32)
(32, 32) -> (47, 32)
(36, 32) -> (32, 32)
(36, 32) -> (44, 32)
(36, 32) -> (32, 32)
(36, 32) -> (47, 32)
(44, 32) -> (32, 32)
(44, 32) -> (36, 32)
(44, 32) -> (32, 32)
(44, 32) -> (47, 32)
(32, 32) -> (32, 32)
(32, 32) -> (36, 32)
(32, 32) -> (44, 32)
(32, 32) -> (47, 32)
(47, 32) -> (32, 32)
(47, 32) -> (36, 32)
(47, 32) -> (44, 32)
(47, 32) -> (32, 32)
(49, 32) -> (49, 31)
(48, 32) -> (47, 32)
(49, 32) -> (48, 32)
(48, 32) -> (49, 32)
 Origin ==
(0, 32)
 Goal ==
(16, 0)
(16, 15)
(27, 15)
(31, 0)
